    var nominatim_map_init = {
    "zoom": 2,
    "lat": 20,
    "lon": 0,
    "tile_url": "https:\/\/{s}.tile.openstreetmap.org\/{z}\/{x}\/{y}.png",
    "tile_attribution": ""
};var nominatim_results = [
    {
        "osm_type": "R",
        "osm_id": "336803",
        "class": "boundary",
        "type": "administrative",
        "admin_level": "8",
        "rank_search": "16",
        "rank_address": "16",
        "place_id": "198011070",
        "parent_place_id": "198767582",
        "housenumber": "-1",
        "country_code": "br",
        "langaddress": "Taguatinga, Microrregi\u00e3o de Dian\u00f3polis, Mesorregi\u00e3o Oriental do Tocantins, Tocantins, Regi\u00e3o Norte, Brasil",
        "placename": "Taguatinga",
        "ref": "Taguatinga",
        "lon": "-46.4365769",
        "lat": "-12.402404",
        "importance": 0.537400904789193,
        "addressimportance": "7.87321628620547",
        "extra_place": "town",
        "addresstype": "boundary",
        "asgeojson": "{\"type\":\"Polygon\",\"coordinates\":[[[-46.9467832,-12.3768428],[-46.9460445,-12.3777332],[-46.9445532,-12.3790798],[-46.9425362,-12.3807775],[-46.9418925,-12.3811966],[-46.9399398,-12.3814481],[-46.9370216,-12.3824751],[-46.9362146,-12.3836707],[-46.9357556,-12.3860957],[-46.9346612,-12.3888831],[-46.9326437,-12.3903772],[-46.9299835,-12.3913142],[-46.9280094,-12.3913352],[-46.9258636,-12.3910837],[-46.9241684,-12.3915238],[-46.9221943,-12.3934938],[-46.9199413,-12.3950237],[-46.9171303,-12.3967003],[-46.9119161,-12.3979787],[-46.9079679,-12.3995296],[-46.9023245,-12.4014366],[-46.9003933,-12.4028408],[-46.8998283,-12.4036647],[-46.899535,-12.4052508],[-46.8991703,-12.4081218],[-46.8999642,-12.4110976],[-46.9007367,-12.4150583],[-46.9012087,-12.4170911],[-46.9006652,-12.4191316],[-46.8989986,-12.4199201],[-46.8977214,-12.421],[-46.8973433,-12.4230478],[-46.8975395,-12.4247188],[-46.8982047,-12.4266048],[-46.8986008,-12.4290989],[-46.8983549,-12.4318854],[-46.8977111,-12.4333103],[-46.8957799,-12.4353429],[-46.8930763,-12.4372497],[-46.8919176,-12.4381717],[-46.8911451,-12.4395546],[-46.8909227,-12.4416134],[-46.8919605,-12.4451912],[-46.8938702,-12.4486066],[-46.8960858,-12.4517067],[-46.8964022,-12.45286],[-46.8959516,-12.4544524],[-46.8943637,-12.4573858],[-46.8941706,-12.4580982],[-46.8944496,-12.4592087],[-46.8950504,-12.4600677],[-46.895222,-12.460801],[-46.8944066,-12.4622887],[-46.8934421,-12.4630686],[-46.8909734,-12.4638391],[-46.8882483,-12.4644677],[-46.8867892,-12.4649076],[-46.8856352,-12.4644819],[-46.8849224,-12.4631686],[-46.8843648,-12.4610476],[-46.8836564,-12.4601725],[-46.8824762,-12.4599839],[-46.8803304,-12.4604449],[-46.8773478,-12.4597953],[-46.8762535,-12.4589572],[-46.8750518,-12.4575115],[-46.8737429,-12.4569249],[-46.8724554,-12.4568201],[-46.8696445,-12.4577211],[-46.8688842,-12.458461],[-46.8688076,-12.459523],[-46.8685716,-12.4608849],[-46.8673485,-12.4626029],[-46.8660181,-12.4653267],[-46.8646663,-12.4672019],[-46.8633145,-12.4695799],[-46.8628853,-12.4714865],[-46.8623274,-12.4722826],[-46.8606752,-12.4732673],[-46.8599027,-12.4743777],[-46.8581432,-12.4770804],[-46.8571502,-12.4782305],[-46.8562227,-12.478856],[-46.8550425,-12.4792541],[-46.8544417,-12.4792593],[-46.8540126,-12.4788822],[-46.8545061,-12.4782013],[-46.855579,-12.4770333],[-46.8562656,-12.4747915],[-46.8556004,-12.4732411],[-46.854077,-12.472445],[-46.853,-12.473],[-46.8523818,-12.4739535],[-46.8519956,-12.4755667],[-46.8511802,-12.4769285],[-46.849764,-12.4777246],[-46.8476826,-12.4781856],[-46.8455153,-12.4776618],[-46.843391,-12.4772847],[-46.8415886,-12.4778923],[-46.84,-12.479],[-46.8384558,-12.4819776],[-46.8376618,-12.4843869],[-46.8362146,-12.4854609],[-46.8344003,-12.4857277],[-46.8330913,-12.4850154],[-46.8295294,-12.4839679],[-46.8269974,-12.4839051],[-46.8250018,-12.4843869],[-46.8220773,-12.4847961],[-46.8212038,-12.485183],[-46.8209248,-12.4857906],[-46.8211609,-12.4878856],[-46.8206244,-12.488975],[-46.8182575,-12.4908534],[-46.813007,-12.4923898],[-46.8102604,-12.4923689],[-46.8091017,-12.4928088],[-46.8076223,-12.4946858],[-46.8072778,-12.4966635],[-46.8077713,-12.5019846],[-46.8075782,-12.5044356],[-46.8068486,-12.5068237],[-46.8061417,-12.5071676],[-46.8049711,-12.5071327],[-46.8027395,-12.5065881],[-46.8012911,-12.5065671],[-46.7992168,-12.5073087],[-46.7982763,-12.5085153],[-46.7978257,-12.5097198],[-46.7975682,-12.512066],[-46.7968172,-12.5143494],[-46.7954009,-12.5160357],[-46.7934765,-12.5171626],[-46.7917853,-12.5184656],[-46.7894572,-12.5213354],[-46.7871802,-12.5236439],[-46.7856914,-12.5249592],[-46.7853373,-12.525839],[-46.7853909,-12.527211],[-46.7851388,-12.5309841],[-46.7844897,-12.5327252],[-46.7803913,-12.5358253],[-46.7789571,-12.5373611],[-46.7777466,-12.5386399],[-46.7767596,-12.5396453],[-46.7743456,-12.5401585],[-46.7712664,-12.5402004],[-46.7696249,-12.5400956],[-46.7678439,-12.5405879],[-46.7667318,-12.541754],[-46.7654514,-12.5439287],[-46.7637777,-12.5467354],[-46.7617725,-12.5485132],[-46.7608273,-12.5490498],[-46.7579519,-12.5488613],[-46.7550015,-12.5482329],[-46.7528021,-12.5479607],[-46.7507851,-12.5486728],[-46.7497103,-12.5496388],[-46.7483282,-12.5515946],[-46.7479419,-12.5524848],[-46.7480492,-12.5532702],[-46.7487573,-12.5547782],[-46.7493581,-12.5557312],[-46.7493903,-12.5585587],[-46.7489227,-12.5606177],[-46.7481136,-12.5625381],[-46.7465901,-12.5653027],[-46.7448842,-12.5670096],[-46.7435968,-12.5690306],[-46.7431373,-12.5708847],[-46.7425561,-12.5726433],[-46.7417192,-12.5732821],[-46.7407322,-12.5735229],[-46.7396271,-12.5742141],[-46.7381465,-12.5759],[-46.7376852,-12.5763084],[-46.7369878,-12.5763712],[-46.7357318,-12.5756492],[-46.7341983,-12.5747167],[-46.7329967,-12.5738999],[-46.7326641,-12.5732821],[-46.7328787,-12.5725386],[-46.734091,-12.5715543],[-46.7344665,-12.5711145],[-46.734327,-12.5705909],[-46.7336567,-12.5701152],[-46.7319452,-12.5698055],[-46.7307114,-12.5699207],[-46.7297211,-12.5702618],[-46.7293274,-12.5706956],[-46.7286837,-12.5726224],[-46.7285979,-12.5742769],[-46.7285979,-12.5757324],[-46.7282974,-12.5762246],[-46.7276859,-12.5766225],[-46.7271073,-12.5767644],[-46.7263663,-12.5765806],[-46.7225575,-12.5753136],[-46.7210662,-12.574413],[-46.7206049,-12.5741617],[-46.7198324,-12.5740046],[-46.717118,-12.5747487],[-46.7158198,-12.5753031],[-46.7156267,-12.575701],[-46.7157983,-12.5764654],[-46.7161953,-12.5772822],[-46.7165494,-12.5789681],[-46.7165708,-12.5815335],[-46.7153411,-12.5857383],[-46.7148542,-12.5881408],[-46.7140066,-12.5888319],[-46.7125261,-12.5894706],[-46.7105412,-12.5895962],[-46.7087924,-12.5891512],[-46.7075586,-12.5880465],[-46.7068934,-12.5870832],[-46.7069363,-12.5860571],[-46.706829,-12.585523],[-46.706,-12.585],[-46.7,-12.577],[-46.698,-12.579],[-46.694,-12.576],[-46.693,-12.579],[-46.684,-12.572],[-46.677,-12.578],[-46.672,-12.578],[-46.677,-12.584],[-46.674,-12.582],[-46.663,-12.595],[-46.655,-12.594],[-46.636,-12.599],[-46.626,-12.594],[-46.617,-12.596],[-46.612,-12.585],[-46.607,-12.589],[-46.593,-12.582],[-46.579,-12.594],[-46.563,-12.595],[-46.563,-12.591],[-46.552,-12.583],[-46.546,-12.581],[-46.546,-12.585],[-46.536,-12.577],[-46.518,-12.58],[-46.5,-12.573],[-46.499,-12.575],[-46.491,-12.566],[-46.481,-12.565],[-46.47,-12.57],[-46.465,-12.565],[-46.457,-12.566],[-46.455,-12.572],[-46.435,-12.582],[-46.4267076,-12.5824963],[-46.426177,-12.5819342],[-46.4257325,-12.5812278],[-46.4243357,-12.581203],[-46.4235357,-12.5813889],[-46.4231978,-12.5813284],[-46.4230531,-12.5810171],[-46.4226232,-12.5805222],[-46.4220395,-12.580233],[-46.4217791,-12.5800314],[-46.4215995,-12.5802067],[-46.421411,-12.5806975],[-46.420971,-12.5813985],[-46.4204233,-12.5815037],[-46.4199474,-12.5811269],[-46.4198845,-12.5805923],[-46.4195523,-12.580233],[-46.4189503,-12.5801704],[-46.4186036,-12.5804286],[-46.4188086,-12.5809987],[-46.4189267,-12.5814777],[-46.4189142,-12.58198],[-46.417945,-12.5826107],[-46.4174346,-12.583322],[-46.4171372,-12.5830665],[-46.4171248,-12.5826713],[-46.4170254,-12.5822953],[-46.4175225,-12.5818708],[-46.4180692,-12.580937],[-46.4180692,-12.5805367],[-46.4178953,-12.5802578],[-46.4174722,-12.5801401],[-46.4159319,-12.5803669],[-46.4143413,-12.5798091],[-46.4114968,-12.5794161],[-46.4108316,-12.5800235],[-46.4103595,-12.5805261],[-46.4095012,-12.5810706],[-46.4086644,-12.5811334],[-46.4083532,-12.5812591],[-46.4080958,-12.5813847],[-46.4079348,-12.5813429],[-46.4078168,-12.5811125],[-46.4078828,-12.5809782],[-46.4079455,-12.5808507],[-46.4081494,-12.5806413],[-46.4080314,-12.5802538],[-46.4076988,-12.5800758],[-46.4073447,-12.5801491],[-46.4071194,-12.580191],[-46.4068405,-12.5799397],[-46.4066044,-12.5796151],[-46.4067868,-12.5791334],[-46.4071731,-12.5784528],[-46.4069907,-12.5774371],[-46.4067546,-12.5773533],[-46.4064221,-12.5775208],[-46.4059607,-12.5779711],[-46.4060358,-12.5784842],[-46.4057783,-12.5789973],[-46.4053277,-12.5795418],[-46.4049307,-12.5799502],[-46.4044479,-12.5801387],[-46.403139,-12.5796256],[-46.4022378,-12.5791439],[-46.4017657,-12.5791334],[-46.4013366,-12.5789135],[-46.4009074,-12.5784842],[-46.4006714,-12.5775313],[-46.4006607,-12.5769449],[-46.4005641,-12.5764109],[-46.4002852,-12.5762852],[-46.3998345,-12.5764004],[-46.3991908,-12.5766517],[-46.398708,-12.5769868],[-46.3981716,-12.5774685],[-46.395,-12.579],[-46.391,-12.574],[-46.382,-12.574],[-46.381,-12.564],[-46.377,-12.562],[-46.372,-12.566],[-46.361,-12.561],[-46.356,-12.556],[-46.355,-12.549],[-46.343,-12.55],[-46.339,-12.546],[-46.339,-12.54],[-46.328,-12.538],[-46.327,-12.535],[-46.306,-12.533],[-46.3005462,-12.5313402],[-46.2978198,-12.5305104],[-46.283,-12.526],[-46.2721371,-12.5273579],[-46.267,-12.528],[-46.223,-12.514],[-46.214,-12.506],[-46.182,-12.5],[-46.153,-12.483],[-46.1584244,-12.4760884],[-46.1815128,-12.4847404],[-46.227,-12.498],[-46.2500342,-12.5009692],[-46.2596427,-12.4578702],[-46.2591578,-12.4504205],[-46.2620558,-12.4422252],[-46.2696316,-12.4187746],[-46.269885,-12.4159706],[-46.2733009,-12.4144599],[-46.283,-12.411],[-46.292,-12.417],[-46.2992551,-12.420519],[-46.3107774,-12.406541],[-46.3020561,-12.3956937],[-46.2943668,-12.3863845],[-46.294,-12.384],[-46.285,-12.379],[-46.296,-12.367],[-46.312,-12.356],[-46.3214068,-12.356119],[-46.3271668,-12.3557818],[-46.3313867,-12.3513792],[-46.3331196,-12.345028],[-46.3335811,-12.3438215],[-46.3343947,-12.342],[-46.34,-12.336],[-46.352,-12.337],[-46.353,-12.33],[-46.349,-12.327],[-46.351,-12.32],[-46.346,-12.314],[-46.325,-12.308],[-46.323,-12.303],[-46.329,-12.298],[-46.3454884,-12.2972148],[-46.35,-12.297],[-46.374,-12.289],[-46.366,-12.275],[-46.366,-12.266],[-46.378,-12.254],[-46.38,-12.247],[-46.366,-12.241],[-46.359,-12.224],[-46.368,-12.214],[-46.368,-12.199],[-46.391,-12.193],[-46.38,-12.179],[-46.383,-12.174],[-46.389,-12.17],[-46.389,-12.166],[-46.379,-12.16],[-46.375,-12.153],[-46.37,-12.134],[-46.371,-12.122],[-46.366,-12.111],[-46.3680234,-12.098004],[-46.3715046,-12.1003716],[-46.381,-12.106],[-46.4,-12.106],[-46.416,-12.113],[-46.426,-12.109],[-46.433,-12.103],[-46.437,-12.106],[-46.437,-12.104],[-46.444,-12.105],[-46.451,-12.114],[-46.459,-12.112],[-46.465,-12.103],[-46.481,-12.1],[-46.486,-12.098],[-46.501,-12.111],[-46.511,-12.113],[-46.52,-12.121],[-46.527,-12.122],[-46.528,-12.127],[-46.535,-12.129],[-46.538,-12.135],[-46.535,-12.137],[-46.544,-12.144],[-46.555,-12.161],[-46.561,-12.172],[-46.559,-12.179],[-46.569,-12.185],[-46.58,-12.186],[-46.583,-12.191],[-46.596,-12.193],[-46.595,-12.207],[-46.6,-12.214],[-46.608,-12.217],[-46.61,-12.227],[-46.618,-12.23],[-46.63,-12.246],[-46.644,-12.25],[-46.645,-12.251],[-46.644,-12.254],[-46.648,-12.258],[-46.654,-12.259],[-46.658,-12.269],[-46.676,-12.268],[-46.688,-12.277],[-46.698,-12.272],[-46.699,-12.267],[-46.723,-12.261],[-46.734,-12.263],[-46.734,-12.258],[-46.739,-12.259],[-46.745,-12.268],[-46.756,-12.271],[-46.754,-12.274],[-46.761,-12.274],[-46.762,-12.277],[-46.776,-12.275],[-46.778,-12.277],[-46.777,-12.283],[-46.781,-12.287],[-46.78,-12.3],[-46.785,-12.307],[-46.779,-12.31],[-46.78,-12.313],[-46.79,-12.314],[-46.793,-12.31],[-46.8,-12.311],[-46.804,-12.304],[-46.81,-12.301],[-46.812,-12.305],[-46.823,-12.305],[-46.822,-12.31],[-46.826,-12.309],[-46.824,-12.312],[-46.83,-12.31],[-46.834,-12.315],[-46.83,-12.318],[-46.835,-12.32],[-46.833,-12.323],[-46.84,-12.326],[-46.839,-12.333],[-46.849,-12.335],[-46.849,-12.343],[-46.867,-12.349],[-46.869,-12.353],[-46.872,-12.353],[-46.886,-12.338],[-46.892,-12.342],[-46.892,-12.348],[-46.897,-12.346],[-46.897,-12.351],[-46.903,-12.352],[-46.903,-12.349],[-46.909,-12.353],[-46.91,-12.357],[-46.919,-12.358],[-46.924,-12.367],[-46.925,-12.364],[-46.927,-12.366],[-46.925,-12.368],[-46.929,-12.369],[-46.929,-12.375],[-46.936,-12.373],[-46.937,-12.378],[-46.94,-12.375],[-46.9467832,-12.3768428]]]}",
        "aBoundingBox": [
            "-12.599",
            "-12.098",
            "-46.9467832",
            "-46.153"
        ],
        "icon": "https:\/\/nominatim.openstreetmap.org\/images\/mapicons\/poi_boundary_administrative.p.20.png",
        "label": "City",
        "name": "Taguatinga, Microrregi\u00e3o de Dian\u00f3polis, Mesorregi\u00e3o Oriental do Tocantins, Tocantins, Regi\u00e3o Norte, Brasil",
        "foundorder": -0.785521628620547
    },
    {
        "osm_type": "R",
        "osm_id": "3359490",
        "class": "place",
        "type": "city",
        "admin_level": "8",
        "rank_search": 16,
        "rank_address": "16",
        "place_id": "198800736",
        "parent_place_id": "199176915",
        "housenumber": "-1",
        "country_code": "br",
        "langaddress": "Taguatinga, Regi\u00e3o Integrada de Desenvolvimento do Distrito Federal e Entorno, Distrito Federal, Regi\u00e3o Centro-Oeste, Brasil",
        "placename": "Taguatinga",
        "ref": "Taguatinga",
        "lon": "-48.0565716",
        "lat": "-15.8335277",
        "importance": 0.45924466365066297,
        "addressimportance": "6.46640394571193",
        "extra_place": "city",
        "addresstype": "boundary",
        "asgeojson": "{\"type\":\"Polygon\",\"coordinates\":[[[-48.1124359,-15.7945256],[-48.1123801,-15.7945924],[-48.1115159,-15.7956733],[-48.1108758,-15.7964864],[-48.1085195,-15.7995662],[-48.1076173,-15.7989027],[-48.1022978,-15.805894],[-48.1017437,-15.8055001],[-48.1014501,-15.8054685],[-48.0981201,-15.8098041],[-48.0962509,-15.8126171],[-48.0961603,-15.812785],[-48.0959316,-15.8132088],[-48.0945029,-15.8162413],[-48.0942308,-15.8169245],[-48.0940154,-15.8168532],[-48.0931539,-15.8190983],[-48.0933857,-15.8191788],[-48.0925058,-15.8214414],[-48.0933842,-15.8217641],[-48.0930718,-15.8225575],[-48.0927315,-15.8234242],[-48.0924045,-15.824256],[-48.0922399,-15.8246747],[-48.0888259,-15.8333581],[-48.0886541,-15.8337951],[-48.0884876,-15.8342186],[-48.0878724,-15.8357832],[-48.0904233,-15.8366243],[-48.0907301,-15.8367254],[-48.0932896,-15.8375694],[-48.088638,-15.8520895],[-48.0878982,-15.8514625],[-48.0868429,-15.8506639],[-48.086263,-15.850683],[-48.0861203,-15.8505403],[-48.0860538,-15.8503027],[-48.0859587,-15.8501696],[-48.0855975,-15.8500745],[-48.0851031,-15.8496562],[-48.0844376,-15.8492664],[-48.084314,-15.8490287],[-48.0842284,-15.8486104],[-48.0840478,-15.8484488],[-48.0838576,-15.8484203],[-48.0833538,-15.8484678],[-48.0832492,-15.8483917],[-48.0832112,-15.8482681],[-48.0832777,-15.848154],[-48.0835059,-15.84804],[-48.0834964,-15.8476977],[-48.0833944,-15.8474325],[-48.0828404,-15.8468801],[-48.0823175,-15.8468611],[-48.0818326,-15.8466424],[-48.0815664,-15.8464618],[-48.0808819,-15.8461195],[-48.0805301,-15.8460244],[-48.0803495,-15.8459104],[-48.0801213,-15.8459199],[-48.0798551,-15.846053],[-48.0796935,-15.846072],[-48.0793512,-15.8455871],[-48.0787998,-15.8453684],[-48.0780868,-15.8452544],[-48.0778761,-15.8451054],[-48.0775924,-15.8449977],[-48.0773833,-15.84476],[-48.0771931,-15.8446839],[-48.0770885,-15.8445889],[-48.0771075,-15.8443132],[-48.0769649,-15.844104],[-48.076404,-15.8437237],[-48.0760713,-15.8436477],[-48.0753301,-15.8435901],[-48.0753096,-15.8449342],[-48.0751463,-15.8460173],[-48.0749554,-15.8467223],[-48.0745545,-15.8477965],[-48.0725484,-15.8469447],[-48.071249,-15.8480517],[-48.0689786,-15.8518035],[-48.0684229,-15.8515742],[-48.0679658,-15.8515178],[-48.0679366,-15.8522683],[-48.0663005,-15.8546279],[-48.0661624,-15.8553234],[-48.0655568,-15.8563129],[-48.0646137,-15.8571372],[-48.061225,-15.8589404],[-48.0602088,-15.8587672],[-48.0595434,-15.8585813],[-48.0571499,-15.8576163],[-48.0562512,-15.857546],[-48.054068,-15.8565589],[-48.050845,-15.8610475],[-48.0501378,-15.8604394],[-48.0495779,-15.8600425],[-48.0489383,-15.8597453],[-48.0480513,-15.8594832],[-48.0479024,-15.8596759],[-48.0470515,-15.8603471],[-48.046829,-15.8608197],[-48.0464191,-15.861286],[-48.0460774,-15.8615166],[-48.0457289,-15.8621084],[-48.0451317,-15.8627218],[-48.044949,-15.8628508],[-48.0447006,-15.8631432],[-48.0445048,-15.8632724],[-48.0442725,-15.8633389],[-48.0406245,-15.8634674],[-48.0399309,-15.8631229],[-48.0371886,-15.8683614],[-48.0377371,-15.8687291],[-48.037957,-15.8688766],[-48.0427243,-15.8720726],[-48.0458457,-15.8743697],[-48.0446599,-15.8738974],[-48.0431686,-15.8737013],[-48.0273796,-15.8758871],[-48.0290917,-15.8733334],[-48.0306287,-15.8705167],[-48.032428,-15.86715],[-48.0334884,-15.8651324],[-48.0344003,-15.8634399],[-48.0360672,-15.8604537],[-48.036295,-15.8600218],[-48.0379641,-15.8567332],[-48.0402768,-15.8525534],[-48.0465118,-15.8403008],[-48.0494854,-15.8345757],[-48.0494532,-15.8323256],[-48.0477101,-15.8314668],[-48.0486864,-15.8312269],[-48.0499734,-15.8305083],[-48.0502716,-15.82918],[-48.0502407,-15.8289633],[-48.0498606,-15.8284603],[-48.0505888,-15.8275808],[-48.0511588,-15.8265442],[-48.0519872,-15.8246572],[-48.0524091,-15.8233881],[-48.0539192,-15.817347],[-48.0542793,-15.8142377],[-48.0549093,-15.8142488],[-48.0547898,-15.8120192],[-48.0549851,-15.8113904],[-48.056356,-15.8080625],[-48.0544055,-15.8070854],[-48.0563855,-15.8057135],[-48.0564103,-15.8046833],[-48.056167,-15.8040575],[-48.0555856,-15.8033175],[-48.0558479,-15.8031184],[-48.055515,-15.8027901],[-48.0543264,-15.7988276],[-48.0542291,-15.7987993],[-48.053753,-15.7976897],[-48.053592,-15.7975209],[-48.0528095,-15.7946719],[-48.0527847,-15.7942851],[-48.0523116,-15.7928224],[-48.0520955,-15.7925195],[-48.0517764,-15.7922928],[-48.0513769,-15.7921157],[-48.0509745,-15.7920255],[-48.0509417,-15.791769],[-48.0464742,-15.7911811],[-48.0433719,-15.7909451],[-48.0396105,-15.7908716],[-48.0324899,-15.7909226],[-48.0305012,-15.7908702],[-48.0270712,-15.790631],[-48.0242822,-15.7903077],[-48.0207344,-15.7897352],[-48.0160209,-15.788658],[-48.0104469,-15.7872876],[-48.0085716,-15.7868946],[-48.0062647,-15.7865462],[-48.0044215,-15.7863365],[-48.0030019,-15.7862443],[-48.0030726,-15.7857064],[-48.0034228,-15.7852952],[-48.0036706,-15.7849035],[-48.0040832,-15.7845456],[-48.0042401,-15.7842455],[-48.0043434,-15.783919],[-48.0043916,-15.783837],[-48.004533,-15.7837448],[-48.0045645,-15.7836631],[-48.0045547,-15.7835729],[-48.004333,-15.7833412],[-48.0042355,-15.783171],[-48.0042706,-15.7828364],[-48.004432,-15.7825813],[-48.0046097,-15.7819829],[-48.0049467,-15.7811926],[-48.0054009,-15.7804368],[-48.0055553,-15.7797123],[-48.0056849,-15.7793945],[-48.0058109,-15.7785168],[-48.0060864,-15.7781699],[-48.0061031,-15.7778446],[-48.0059971,-15.7770424],[-48.0060624,-15.776599],[-48.0061815,-15.7763265],[-48.0063859,-15.7762153],[-48.0065209,-15.7760148],[-48.0066607,-15.7754349],[-48.0066525,-15.775137],[-48.0064547,-15.774616],[-48.0066033,-15.7738825],[-48.006651,-15.7733852],[-48.0064982,-15.7730803],[-48.0060547,-15.7725988],[-48.0059778,-15.7723832],[-48.0059874,-15.7722115],[-48.0061126,-15.7720382],[-48.0062067,-15.7717118],[-48.0063336,-15.7703285],[-48.0065928,-15.7692503],[-48.0067522,-15.7677943],[-48.0066918,-15.7673617],[-48.0065389,-15.7667949],[-48.006513,-15.7664341],[-48.0065489,-15.7662711],[-48.0069647,-15.7653804],[-48.0070812,-15.7649995],[-48.0071885,-15.7641853],[-48.0070115,-15.7637156],[-48.0071827,-15.7632773],[-48.0071994,-15.7629894],[-48.0068203,-15.7615773],[-48.0067646,-15.7609824],[-48.0063419,-15.7600537],[-48.0057778,-15.7576322],[-48.0056563,-15.7554926],[-48.0059397,-15.7546038],[-48.0060562,-15.7542404],[-48.0068204,-15.7539353],[-48.0170622,-15.7514791],[-48.0279691,-15.7522119],[-48.0375555,-15.7528675],[-48.0422724,-15.753287],[-48.0465062,-15.7535159],[-48.0470521,-15.7536715],[-48.0474339,-15.7538416],[-48.0492251,-15.7495477],[-48.049897,-15.7482009],[-48.0507141,-15.7467793],[-48.0516067,-15.7454452],[-48.0524705,-15.744447],[-48.0533584,-15.743517],[-48.0543771,-15.7426067],[-48.0557296,-15.7415574],[-48.0568539,-15.7407514],[-48.0579963,-15.7400551],[-48.0591653,-15.739476],[-48.0602648,-15.7390069],[-48.0627155,-15.7381984],[-48.064528,-15.7377794],[-48.0708838,-15.7368908],[-48.0724537,-15.736516],[-48.0726176,-15.7384556],[-48.0725973,-15.7389641],[-48.0724915,-15.7397331],[-48.0724766,-15.7406634],[-48.0724333,-15.7409529],[-48.072242,-15.741064],[-48.0720006,-15.7413744],[-48.0719403,-15.7416461],[-48.0718275,-15.7418915],[-48.0713949,-15.7423942],[-48.0709222,-15.7428163],[-48.0705413,-15.7433453],[-48.0705424,-15.7443476],[-48.0703998,-15.7448462],[-48.0701159,-15.7454372],[-48.0697747,-15.7458754],[-48.0690983,-15.7464628],[-48.0686391,-15.746993],[-48.0684004,-15.7476645],[-48.0682508,-15.748389],[-48.068096,-15.748635],[-48.0677973,-15.7489191],[-48.0677803,-15.7492805],[-48.0678215,-15.7494154],[-48.067764,-15.749678],[-48.0676943,-15.7497603],[-48.0674052,-15.7498818],[-48.0672287,-15.7502364],[-48.0669619,-15.7505458],[-48.0670691,-15.7508595],[-48.066987,-15.7511266],[-48.0670108,-15.7516759],[-48.0669417,-15.7520028],[-48.0668148,-15.7522052],[-48.0664634,-15.752587],[-48.0662404,-15.7531809],[-48.0657715,-15.7541435],[-48.0657354,-15.7545801],[-48.0658171,-15.7551276],[-48.0659324,-15.7555364],[-48.0663168,-15.7564961],[-48.0669708,-15.7575759],[-48.0674522,-15.7580773],[-48.0680649,-15.7585957],[-48.0686966,-15.7590002],[-48.0688724,-15.7590519],[-48.0695186,-15.7590364],[-48.0698237,-15.7589692],[-48.0707233,-15.7586693],[-48.0708199,-15.7585922],[-48.0709373,-15.7585815],[-48.0711909,-15.7586412],[-48.0713602,-15.7587381],[-48.0718182,-15.7586323],[-48.0719258,-15.7586579],[-48.0721537,-15.7588082],[-48.0722518,-15.7590054],[-48.0724692,-15.7590746],[-48.0727943,-15.759061],[-48.0731615,-15.7589836],[-48.0734525,-15.7588621],[-48.0736392,-15.7587511],[-48.0739201,-15.7584672],[-48.0740284,-15.7584115],[-48.0749015,-15.7581283],[-48.0749513,-15.7580282],[-48.0749538,-15.7578734],[-48.0750741,-15.7577316],[-48.0753351,-15.7577567],[-48.0757258,-15.7579454],[-48.0757892,-15.7577877],[-48.0756912,-15.7575509],[-48.0770893,-15.7570409],[-48.0775394,-15.7569713],[-48.0776493,-15.757024],[-48.0779454,-15.7573629],[-48.0781096,-15.757487],[-48.0792766,-15.7578407],[-48.079758,-15.7579242],[-48.0805194,-15.7582746],[-48.0806846,-15.7584077],[-48.0807643,-15.7588038],[-48.0808647,-15.7588476],[-48.080953,-15.7588283],[-48.0811389,-15.7589159],[-48.0814143,-15.7591197],[-48.0819141,-15.7593654],[-48.0820291,-15.7593909],[-48.0824718,-15.7593214],[-48.0826457,-15.759346],[-48.0829413,-15.7595405],[-48.0834109,-15.7599492],[-48.0839408,-15.7599056],[-48.0845752,-15.7601765],[-48.0850923,-15.7600969],[-48.0860475,-15.7606161],[-48.0865772,-15.7606808],[-48.0867985,-15.760768],[-48.0871815,-15.7609973],[-48.0874148,-15.7611927],[-48.0877761,-15.7613501],[-48.087951,-15.7613927],[-48.0884683,-15.7613132],[-48.0886368,-15.7613559],[-48.0887603,-15.7616882],[-48.0892856,-15.7622045],[-48.0897429,-15.7625411],[-48.090353,-15.7628756],[-48.0911884,-15.7635499],[-48.0913729,-15.7636647],[-48.0918646,-15.7636938],[-48.0923633,-15.7639215],[-48.0926368,-15.7641253],[-48.0932204,-15.7643066],[-48.0938013,-15.7645512],[-48.0941628,-15.7649072],[-48.0949913,-15.7651843],[-48.0955972,-15.7651215],[-48.0960684,-15.7649523],[-48.09618,-15.7651223],[-48.0961937,-15.765411],[-48.096274,-15.7654821],[-48.0965838,-15.7654235],[-48.0967241,-15.7654577],[-48.0970858,-15.7657595],[-48.0973582,-15.7658911],[-48.0977322,-15.7658492],[-48.0979419,-15.7657249],[-48.0982456,-15.7654212],[-48.098797,-15.7653641],[-48.0994149,-15.7654497],[-48.1005273,-15.7658205],[-48.1008125,-15.765868],[-48.1018868,-15.7663149],[-48.1021245,-15.7665145],[-48.1027044,-15.7668377],[-48.1051192,-15.7675223],[-48.1056612,-15.7677694],[-48.1062696,-15.7680927],[-48.1069066,-15.7687012],[-48.1072584,-15.7688628],[-48.1074485,-15.7690624],[-48.1076577,-15.769205],[-48.1080094,-15.7692431],[-48.1081901,-15.769148],[-48.1086084,-15.7690244],[-48.108789,-15.7690339],[-48.1091978,-15.769205],[-48.1095971,-15.7694902],[-48.1102436,-15.7697279],[-48.1105859,-15.7700512],[-48.1112038,-15.7702888],[-48.1119008,-15.7704136],[-48.1083383,-15.7902487],[-48.1110001,-15.7939951],[-48.111171,-15.7939125],[-48.1113756,-15.7938834],[-48.1116367,-15.7939606],[-48.1124359,-15.7945256]]]}",
        "aBoundingBox": [
            "-15.8758871",
            "-15.736516",
            "-48.1124359",
            "-48.0030019"
        ],
        "icon": "https:\/\/nominatim.openstreetmap.org\/images\/mapicons\/poi_place_city.p.20.png",
        "label": "City",
        "name": "Taguatinga, Regi\u00e3o Integrada de Desenvolvimento do Distrito Federal e Entorno, Distrito Federal, Regi\u00e3o Centro-Oeste, Brasil",
        "foundorder": -0.645440394571193
    }
];